0	4.1536	369.35	1	0	25200	0	0	0	600	,
1	177.001	528.701	1	0	25200	0	0	0	600	,
2	529.536	314.937	1	0	25200	0	0	0	600	,
3	318.29	585.395	1	0	25200	0	0	0	600	,
4	743.584	488.313	1	0	25200	0	0	0	600	,
5	159.725	561.333	1	0	25200	0	0	0	600	,
6	642.479	336.818	1	0	25200	0	0	0	600	,
7	276.623	12.7598	1	0	25200	0	0	0	600	,
8	85.2901	239.914	1	0	25200	0	0	0	600	,
9	135.609	110.854	1	0	25200	0	0	0	600	,
10	892.7	292.72	1	0	25200	0	0	0	600	,
11	110.202	6.0549	1	0	25200	0	0	0	600	,
12	11.0477	248.642	1	0	25200	0	0	0	600	,
13	481.524	374.29	1	0	25200	0	0	0	600	,
14	544.615	397.678	1	0	25200	0	0	0	600	,
15	152.638	433.999	1	0	25200	0	0	0	600	,
16	408.737	231.9	1	0	25200	0	0	0	600	,
17	54.3627	398.015	1	0	25200	0	0	0	600	,
18	708.014	524.714	1	0	25200	0	0	0	600	,
19	470.922	199.287	1	0	25200	0	0	0	600	,
20	791.403	475.359	1	0	25200	0	0	0	600	,
21	863.338	604.737	1	0	25200	0	0	0	600	,
22	488.446	95.5398	1	0	25200	0	0	0	600	,
23	418.9	155.983	1	0	25200	0	0	0	600	,
24	779.043	139.261	1	0	25200	0	0	0	600	,
25	704.718	551.395	1	0	25200	0	0	0	600	,
26	900.143	652.821	1	0	25200	0	0	0	600	,
27	553.377	258.104	1	0	25200	0	0	0	600	,
28	242.619	196.252	1	0	25200	0	0	0	600	,
29	759.157	18.453	1	0	25200	0	0	0	600	,
30	341.307	63.2252	1	0	25200	0	0	0	600	,
31	612.513	39.5596	1	0	25200	0	0	0	600	,
32	10.9379	600.233	1	0	25200	0	0	0	600	,
33	251.326	180.403	1	0	25200	0	0	0	600	,
34	532.145	452.289	1	0	25200	0	0	0	600	,
35	756.877	475.24	1	0	25200	0	0	0	600	,
36	439.473	136.503	1	0	25200	0	0	0	600	,
37	672.39	307.518	1	0	25200	0	0	0	600	,
38	415.192	619.971	1	0	25200	0	0	0	600	,
39	673.022	73.4016	1	0	25200	0	0	0	600	,
40	542.171	253.423	1	0	25200	0	0	0	600	,
41	664.534	398.848	1	0	25200	0	0	0	600	,
42	518.192	237.89	1	0	25200	0	0	0	600	,
43	139.427	149.338	1	0	25200	0	0	0	600	,
44	385.665	524.892	1	0	25200	0	0	0	600	,
45	468.423	646.513	1	0	25200	0	0	0	600	,
46	679.421	227.635	1	0	25200	0	0	0	600	,
47	155.11	430.27	1	0	25200	0	0	0	600	,
48	445.735	44.3205	1	0	25200	0	0	0	600	,
49	632.81	331.144	1	0	25200	0	0	0	600	,
