1	180.001	531.701	2	1	3614.62	6	0	1063	600	,0,2,3,4,5,6,7,8,9,11,12,13,14,15,16,17,18,19,22,23,25,27,28,30,32,33,34,35,36,37,38,40,41,42,43,44,45,46,47,48,49,
2	532.536	317.937	1	0	2812.11	2	7	1091	600	,0,1,3,4,5,6,7,8,9,10,11,12,13,14,15,16,17,18,19,20,21,22,23,24,25,26,27,28,29,30,31,32,33,34,35,36,37,38,39,40,41,42,43,44,45,46,47,48,49,
3	321.29	588.395	2	1	3601.41	6	0	1063	600	,0,1,2,4,5,6,7,8,9,12,13,14,15,16,17,18,19,20,21,22,23,25,26,27,28,30,32,33,34,35,36,37,38,40,41,42,43,44,45,46,47,48,49,
4	746.584	491.313	1	0	2591.22	7	7	1099	600	,1,2,3,5,6,10,13,14,15,16,18,19,20,21,22,23,24,25,26,27,28,29,30,31,33,34,35,36,37,38,39,40,41,42,44,45,46,47,48,49,
5	162.725	564.333	0	0	3830.4	10	7	1053	600	,0,1,2,3,4,6,7,8,9,11,12,13,14,15,16,17,18,19,22,23,25,27,28,30,32,33,34,36,37,38,40,41,42,43,44,45,47,48,49,
6	645.479	339.818	0	0	3801.39	10	7	1048	600	,1,2,3,4,5,7,8,9,10,13,14,15,16,17,18,19,20,21,22,23,24,25,26,27,28,29,30,31,33,34,35,36,37,38,39,40,41,42,43,44,45,46,47,48,49,
7	279.623	15.7598	1	0	3744.51	2	7	1053	600	,0,1,2,3,5,6,8,9,11,12,13,14,15,16,17,19,22,23,24,27,28,29,30,31,33,34,36,37,39,40,41,42,43,44,46,47,48,49,
8	88.2901	242.914	0	0	3460.1	10	7	1059	600	,0,1,2,3,5,6,7,9,11,12,13,14,15,16,17,19,22,23,27,28,30,31,32,33,34,36,37,38,40,42,43,44,45,46,47,48,49,
9	138.609	113.854	0	0	3506.79	10	7	1062	600	,0,1,2,3,5,6,7,8,11,12,13,14,15,16,17,19,22,23,27,28,30,31,32,33,34,36,37,38,39,40,42,43,44,46,47,48,49,
10	895.7	295.72	1	0	2572.53	1	7	1102	600	,2,4,6,13,14,16,18,19,20,21,22,23,24,25,26,27,29,30,31,34,35,36,37,38,39,40,41,42,44,45,46,48,49,
11	113.202	9.0549	1	1	4022.22	4	0	1041	600	,0,1,2,5,7,8,9,12,13,14,15,16,17,19,22,23,27,28,30,31,33,36,39,40,42,43,44,47,48,
12	14.0477	251.642	1	0	1054.91	2	7	1147	600	,0,1,2,3,5,7,8,9,11,13,14,15,16,17,19,22,23,27,28,30,32,33,34,36,38,40,42,43,44,47,48,
13	484.524	377.29	0	0	3254.95	10	7	1065	600	,0,1,2,3,4,5,6,7,8,9,10,11,12,14,15,16,17,18,19,20,21,22,23,24,25,26,27,28,29,30,31,32,33,34,35,36,37,38,39,40,41,42,43,44,45,46,47,48,49,
14	547.615	400.678	2	1	3197.07	6	0	1074	600	,0,1,2,3,4,5,6,7,8,9,10,11,12,13,15,16,17,18,19,20,21,22,23,24,25,26,27,28,29,30,31,32,33,34,35,36,37,38,39,40,41,42,43,44,45,46,47,48,49,
15	155.638	436.999	1	1	2333.44	4	0	1105	600	,0,1,2,3,4,5,6,7,8,9,11,12,13,14,16,17,18,19,22,23,25,27,28,30,32,33,34,36,37,38,40,41,42,43,44,45,46,47,48,49,
16	411.737	234.9	1	1	2393.95	4	0	1110	600	,0,1,2,3,4,5,6,7,8,9,10,11,12,13,14,15,17,18,19,20,21,22,23,24,25,27,28,29,30,31,32,33,34,35,36,37,38,39,40,41,42,43,44,45,46,47,48,49,
17	57.3627	401.015	1	0	3504.24	1	7	1064	600	,0,1,2,3,5,6,7,8,9,11,12,13,14,15,16,19,22,23,27,28,30,32,33,34,36,38,40,42,43,44,45,47,48,49,
18	711.014	527.714	1	1	4421.36	4	0	1045	600	,1,2,3,4,5,6,10,13,14,15,16,19,20,21,22,23,24,25,26,27,28,29,30,31,33,34,35,36,37,38,39,40,41,42,44,45,46,47,48,49,
19	473.922	202.287	1	1	2902.42	4	0	1090	600	,0,1,2,3,4,5,6,7,8,9,10,11,12,13,14,15,16,17,18,20,21,22,23,24,25,27,28,29,30,31,33,34,35,36,37,38,39,40,41,42,43,44,45,46,47,48,49,
20	794.403	478.359	0	0	4269.51	10	7	1037	600	,2,3,4,6,10,13,14,16,18,19,21,22,23,24,25,26,27,29,31,34,35,36,37,38,39,40,41,42,44,45,46,48,49,
21	866.338	607.737	2	1	4309.72	6	0	1037	600	,2,3,4,6,10,13,14,16,18,19,20,24,25,26,27,29,34,35,37,38,39,40,41,42,44,45,46,49,
22	491.446	98.5398	1	1	3618.87	4	0	1066	600	,0,1,2,3,4,5,6,7,8,9,10,11,12,13,14,15,16,17,18,19,20,23,24,25,27,28,29,30,31,33,34,35,36,37,38,39,40,41,42,43,44,45,46,47,48,49,
23	421.9	158.983	1	1	1072.28	4	0	1151	600	,0,1,2,3,4,5,6,7,8,9,10,11,12,13,14,15,16,17,18,19,20,22,24,25,27,28,29,30,31,33,34,35,36,37,38,39,40,41,42,43,44,45,46,47,48,49,
24	782.043	142.261	0	0	4053.52	10	7	1043	600	,2,4,6,7,10,13,14,16,18,19,20,21,22,23,25,26,27,28,29,30,31,33,34,35,36,37,39,40,41,42,44,45,46,48,49,
25	707.718	554.395	2	1	4138.12	6	0	1042	600	,1,2,3,4,5,6,10,13,14,15,16,18,19,20,21,22,23,24,26,27,28,29,31,33,34,35,36,37,38,39,40,41,42,44,45,46,47,48,49,
26	903.143	655.821	0	0	4674.38	10	7	1022	600	,2,3,4,6,10,13,14,18,20,21,24,25,27,34,35,37,38,40,41,42,44,45,46,49,
27	556.377	261.104	2	1	3976.2	6	0	1044	600	,0,1,2,3,4,5,6,7,8,9,10,11,12,13,14,15,16,17,18,19,20,21,22,23,24,25,26,28,29,30,31,33,34,35,36,37,38,39,40,41,42,43,44,45,46,47,48,49,
28	245.619	199.252	1	1	1680.81	4	0	1129	600	,0,1,2,3,4,5,6,7,8,9,11,12,13,14,15,16,17,18,19,22,23,24,25,27,29,30,31,32,33,34,35,36,37,38,39,40,41,42,43,44,45,46,47,48,49,
29	762.157	21.453	1	0	4105.7	7	7	1046	600	,2,4,6,7,10,13,14,16,18,19,20,21,22,23,24,25,27,28,30,31,33,34,35,36,37,39,40,41,42,46,48,49,
30	344.307	66.2252	1	0	3971.8	7	7	1044	600	,0,1,2,3,4,5,6,7,8,9,10,11,12,13,14,15,16,17,18,19,22,23,24,27,28,29,31,33,34,35,36,37,38,39,40,41,42,43,44,45,46,47,48,49,
31	615.513	42.5596	1	1	3881	4	0	1054	600	,2,4,6,7,8,9,10,11,13,14,16,18,19,20,22,23,24,25,27,28,29,30,33,34,35,36,37,39,40,41,42,43,44,46,48,49,
32	13.9379	603.233	0	0	4019.09	10	7	1042	600	,0,1,2,3,5,8,9,12,13,14,15,16,17,28,33,34,38,43,44,45,47,
33	254.326	183.403	2	1	3449.57	6	0	1062	600	,0,1,2,3,4,5,6,7,8,9,11,12,13,14,15,16,17,18,19,22,23,24,25,27,28,29,30,31,32,34,35,36,37,38,39,40,41,42,43,44,45,46,47,48,49,
34	535.145	455.289	2	1	3308.31	6	0	1066	600	,0,1,2,3,4,5,6,7,8,9,10,12,13,14,15,16,17,18,19,20,21,22,23,24,25,26,27,28,29,30,31,32,33,35,36,37,38,39,40,41,42,43,44,45,46,47,48,49,
35	759.877	478.24	1	0	3507.23	7	7	1071	600	,1,2,3,4,6,10,13,14,16,18,19,20,21,22,23,24,25,26,27,28,29,30,31,33,34,36,37,38,39,40,41,42,44,45,46,48,49,
36	442.473	139.503	0	0	4332.68	10	7	1034	600	,0,1,2,3,4,5,6,7,8,9,10,11,12,13,14,15,16,17,18,19,20,22,23,24,25,27,28,29,30,31,33,34,35,37,38,39,40,41,42,43,44,45,46,47,48,49,
37	675.39	310.518	0	0	3900.57	10	7	1045	600	,1,2,3,4,5,6,7,8,9,10,13,14,15,16,18,19,20,21,22,23,24,25,26,27,28,29,30,31,33,34,35,36,38,39,40,41,42,43,44,45,46,47,48,49,
38	418.192	622.971	0	0	3526.33	10	7	1058	600	,0,1,2,3,4,5,6,8,9,10,12,13,14,15,16,17,18,19,20,21,22,23,25,26,27,28,30,32,33,34,35,36,37,40,41,42,43,44,45,46,47,48,49,
39	676.022	76.4016	1	0	2162.07	7	7	1115	600	,2,4,6,7,9,10,11,13,14,16,18,19,20,21,22,23,24,25,27,28,29,30,31,33,34,35,36,37,40,41,42,43,44,46,48,49,
40	545.171	256.423	1	0	3262.64	2	7	1078	600	,0,1,2,3,4,5,6,7,8,9,10,11,12,13,14,15,16,17,18,19,20,21,22,23,24,25,26,27,28,29,30,31,33,34,35,36,37,38,39,41,42,43,44,45,46,47,48,49,
41	667.534	401.848	1	0	3705.31	7	7	1061	600	,1,2,3,4,5,6,7,10,13,14,15,16,18,19,20,21,22,23,24,25,26,27,28,29,30,31,33,34,35,36,37,38,39,40,42,43,44,45,46,47,48,49,
42	521.192	240.89	0	0	3550.52	10	7	1058	600	,0,1,2,3,4,5,6,7,8,9,10,11,12,13,14,15,16,17,18,19,20,21,22,23,24,25,26,27,28,29,30,31,33,34,35,36,37,38,39,40,41,43,44,45,46,47,48,49,
43	142.427	152.338	0	0	3369.56	10	7	1068	600	,0,1,2,3,5,6,7,8,9,11,12,13,14,15,16,17,19,22,23,27,28,30,31,32,33,34,36,37,38,39,40,41,42,44,45,46,47,48,49,
44	388.665	527.892	1	1	1209.33	4	0	1140	600	,0,1,2,3,4,5,6,7,8,9,10,11,12,13,14,15,16,17,18,19,20,21,22,23,24,25,26,27,28,30,31,32,33,34,35,36,37,38,39,40,41,42,43,45,46,47,48,49,
45	471.423	649.513	1	0	1980.03	1	7	1118	600	,0,1,2,3,4,5,6,8,10,13,14,15,16,17,18,19,20,21,22,23,24,25,26,27,28,30,32,33,34,35,36,37,38,40,41,42,43,44,46,47,49,
46	682.421	230.635	1	0	2363.62	1	7	1109	600	,1,2,3,4,6,7,8,9,10,13,14,15,16,18,19,20,21,22,23,24,25,26,27,28,29,30,31,33,34,35,36,37,38,39,40,41,42,43,44,45,47,48,49,
47	158.11	433.27	2	1	3758.33	6	0	1055	600	,0,1,2,3,4,5,6,7,8,9,11,12,13,14,15,16,17,18,19,22,23,25,27,28,30,32,33,34,36,37,38,40,41,42,43,44,45,46,48,49,
48	448.735	47.3205	1	0	3856.57	1	7	1048	600	,0,1,2,3,4,5,6,7,8,9,10,11,12,13,14,15,16,17,18,19,20,22,23,24,25,27,28,29,30,31,33,34,35,36,37,38,39,40,41,42,43,44,46,47,49,
49	635.81	334.144	1	1	3131.59	4	0	1087	600	,1,2,3,4,5,6,7,8,9,10,13,14,15,16,17,18,19,20,21,22,23,24,25,26,27,28,29,30,31,33,34,35,36,37,38,39,40,41,42,43,44,45,46,47,48,
