1	180.001	531.701	2	1	3450.78	1	0	1084	900	,0,2,3,4,5,6,7,8,9,10,11,12,13,14,15,16,17,18,19,20,21,22,23,24,25,26,27,28,29,30,31,32,33,34,35,36,37,38,39,
2	532.536	317.937	1	1	4026.35	6	0	1067	900	,0,1,3,4,5,6,7,8,9,10,11,12,13,14,15,16,17,18,19,20,21,22,23,24,25,26,27,28,29,30,31,32,33,34,35,36,37,38,39,
3	321.29	588.395	1	1	2225.58	6	0	1132	900	,0,1,2,4,5,6,7,8,9,10,11,12,13,14,15,16,17,18,19,20,21,22,23,24,25,26,27,28,29,30,31,32,33,34,35,36,37,38,39,
4	746.584	491.313	1	1	191.945	6	0	1197	900	,0,1,2,3,5,6,7,8,9,10,11,12,13,14,15,16,17,18,19,20,21,22,23,24,25,26,27,28,29,30,31,32,33,34,35,36,37,38,39,
5	162.725	564.333	2	1	114.458	1	0	1197	900	,0,1,2,3,4,6,7,8,9,10,11,12,13,14,15,16,17,18,19,20,21,22,23,24,25,26,27,28,29,30,31,32,33,34,35,36,37,38,39,
6	645.479	339.818	2	1	4087.59	10	0	1071	900	,0,1,2,3,4,5,7,8,9,10,11,12,13,14,15,16,17,18,19,20,21,22,23,24,25,26,27,28,29,30,31,32,33,34,35,36,37,38,39,
7	279.623	15.7598	2	1	626.676	1	0	1181	900	,0,1,2,3,4,5,6,8,9,10,11,12,13,14,15,16,17,18,19,20,21,22,23,24,25,26,27,28,29,30,31,32,33,34,35,36,37,38,39,
8	88.2901	242.914	1	1	3923.84	6	0	1069	900	,0,1,2,3,4,5,6,7,9,10,11,12,13,14,15,16,17,18,19,20,21,22,23,24,25,27,28,29,30,31,32,33,34,35,36,37,38,39,
9	138.609	113.854	1	1	3219.37	6	0	1096	900	,0,1,2,3,4,5,6,7,8,10,11,12,13,14,15,16,17,18,19,20,21,22,23,24,25,27,28,29,30,31,32,33,34,35,36,37,38,39,
10	895.7	295.72	1	1	972.344	6	0	1169	900	,0,1,2,3,4,5,6,7,8,9,11,12,13,14,15,16,17,18,19,20,21,22,23,24,25,26,27,28,29,30,31,33,34,35,36,37,38,39,
11	113.202	9.0549	1	1	397.596	6	0	1188	900	,0,1,2,3,4,5,6,7,8,9,10,12,13,14,15,16,17,18,19,20,22,23,24,25,27,28,29,30,31,32,33,34,35,36,37,38,39,
12	14.0477	251.642	2	1	2803.67	1	0	1111	900	,0,1,2,3,4,5,6,7,8,9,10,11,13,14,15,16,17,18,19,20,22,23,24,25,27,28,29,30,31,32,33,34,35,36,37,38,39,
13	484.524	377.29	2	1	247.161	1	0	1194	900	,0,1,2,3,4,5,6,7,8,9,10,11,12,14,15,16,17,18,19,20,21,22,23,24,25,26,27,28,29,30,31,32,33,34,35,36,37,38,39,
14	547.615	400.678	1	1	2593.31	6	0	1115	900	,0,1,2,3,4,5,6,7,8,9,10,11,12,13,15,16,17,18,19,20,21,22,23,24,25,26,27,28,29,30,31,32,33,34,35,36,37,38,39,
15	155.638	436.999	0	0	3960.98	10	11	1071	900	,0,1,2,3,4,5,6,7,8,9,10,11,12,13,14,16,17,18,19,20,21,22,23,24,25,26,27,28,29,30,31,32,33,34,35,36,37,38,39,
16	411.737	234.9	2	1	1787.44	1	0	1141	900	,0,1,2,3,4,5,6,7,8,9,10,11,12,13,14,15,17,18,19,20,21,22,23,24,25,26,27,28,29,30,31,32,33,34,35,36,37,38,39,
17	57.3627	401.015	2	1	779.628	1	0	1177	900	,0,1,2,3,4,5,6,7,8,9,10,11,12,13,14,15,16,18,19,20,21,22,23,24,25,26,27,28,29,30,31,32,33,34,35,36,37,38,39,
18	711.014	527.714	1	1	2206.92	6	0	1134	900	,0,1,2,3,4,5,6,7,8,9,10,11,12,13,14,15,16,17,19,20,21,22,23,24,25,26,27,28,29,30,31,32,33,34,35,36,37,38,39,
19	473.922	202.287	1	1	916.865	6	0	1171	900	,0,1,2,3,4,5,6,7,8,9,10,11,12,13,14,15,16,17,18,20,21,22,23,24,25,26,27,28,29,30,31,32,33,34,35,36,37,38,39,
20	794.403	478.359	1	1	2282.14	6	0	1128	900	,0,1,2,3,4,5,6,7,8,9,10,11,12,13,14,15,16,17,18,19,21,22,23,24,25,26,27,28,29,30,31,32,33,34,35,36,37,38,39,
21	866.338	607.737	1	1	1328.89	6	0	1158	900	,0,1,2,3,4,5,6,7,8,9,10,13,14,15,16,17,18,19,20,22,23,24,25,26,27,28,29,30,31,32,33,34,35,36,37,38,39,
22	491.446	98.5398	2	1	1790.04	1	0	1144	900	,0,1,2,3,4,5,6,7,8,9,10,11,12,13,14,15,16,17,18,19,20,21,23,24,25,26,27,28,29,30,31,32,33,34,35,36,37,38,39,
23	421.9	158.983	1	1	2796.66	6	0	1112	900	,0,1,2,3,4,5,6,7,8,9,10,11,12,13,14,15,16,17,18,19,20,21,22,24,25,26,27,28,29,30,31,32,33,34,35,36,37,38,39,
24	782.043	142.261	1	1	1244.12	6	0	1163	900	,0,1,2,3,4,5,6,7,8,9,10,11,12,13,14,15,16,17,18,19,20,21,22,23,25,26,27,28,29,30,31,32,33,34,35,36,37,38,39,
25	707.718	554.395	1	1	3402.46	6	0	1094	900	,0,1,2,3,4,5,6,7,8,9,10,11,12,13,14,15,16,17,18,19,20,21,22,23,24,26,27,28,29,30,31,32,33,34,35,36,37,38,39,
26	903.143	655.821	0	0	4120.98	10	11	1060	900	,1,2,3,4,5,6,7,10,13,14,15,16,17,18,19,20,21,22,23,24,25,27,28,29,30,31,32,33,34,35,36,37,38,39,
27	556.377	261.104	1	1	1639.64	6	0	1149	900	,0,1,2,3,4,5,6,7,8,9,10,11,12,13,14,15,16,17,18,19,20,21,22,23,24,25,26,28,29,30,31,32,33,34,35,36,37,38,39,
28	245.619	199.252	1	1	2679.64	6	0	1115	900	,0,1,2,3,4,5,6,7,8,9,10,11,12,13,14,15,16,17,18,19,20,21,22,23,24,25,26,27,29,30,31,32,33,34,35,36,37,38,39,
29	762.157	21.453	1	1	1082.88	6	0	1163	900	,0,1,2,3,4,5,6,7,8,9,10,11,12,13,14,15,16,17,18,19,20,21,22,23,24,25,26,27,28,30,31,33,34,35,36,37,38,39,
30	344.307	66.2252	1	1	2820.9	6	0	1112	900	,0,1,2,3,4,5,6,7,8,9,10,11,12,13,14,15,16,17,18,19,20,21,22,23,24,25,26,27,28,29,31,32,33,34,35,36,37,38,39,
31	615.513	42.5596	1	1	2279.19	6	0	1126	900	,0,1,2,3,4,5,6,7,8,9,10,11,12,13,14,15,16,17,18,19,20,21,22,23,24,25,26,27,28,29,30,32,33,34,35,36,37,38,39,
32	13.9379	603.233	2	1	2773.57	1	0	1116	900	,0,1,2,3,4,5,6,7,8,9,11,12,13,14,15,16,17,18,19,20,21,22,23,24,25,26,27,28,30,31,33,34,35,36,37,38,39,
33	254.326	183.403	1	1	3365.49	6	0	1087	900	,0,1,2,3,4,5,6,7,8,9,10,11,12,13,14,15,16,17,18,19,20,21,22,23,24,25,26,27,28,29,30,31,32,34,35,36,37,38,39,
34	535.145	455.289	2	1	2886.36	1	0	1107	900	,0,1,2,3,4,5,6,7,8,9,10,11,12,13,14,15,16,17,18,19,20,21,22,23,24,25,26,27,28,29,30,31,32,33,35,36,37,38,39,
35	759.877	478.24	1	1	1641.39	6	0	1148	900	,0,1,2,3,4,5,6,7,8,9,10,11,12,13,14,15,16,17,18,19,20,21,22,23,24,25,26,27,28,29,30,31,32,33,34,36,37,38,39,
36	442.473	139.503	2	1	2398.92	1	0	1123	900	,0,1,2,3,4,5,6,7,8,9,10,11,12,13,14,15,16,17,18,19,20,21,22,23,24,25,26,27,28,29,30,31,32,33,34,35,37,38,39,
37	675.39	310.518	2	1	1810.26	1	0	1142	900	,0,1,2,3,4,5,6,7,8,9,10,11,12,13,14,15,16,17,18,19,20,21,22,23,24,25,26,27,28,29,30,31,32,33,34,35,36,38,39,
38	418.192	622.971	2	1	2271.59	1	0	1129	900	,0,1,2,3,4,5,6,7,8,9,10,11,12,13,14,15,16,17,18,19,20,21,22,23,24,25,26,27,28,29,30,31,32,33,34,35,36,37,39,
39	676.022	76.4016	2	1	2751.22	1	0	1111	900	,0,1,2,3,4,5,6,7,8,9,10,11,12,13,14,15,16,17,18,19,20,21,22,23,24,25,26,27,28,29,30,31,32,33,34,35,36,37,38,
