1	180.001	531.701	1	0	3376.38	1	3	1087	900	,0,2,3,4,5,6,7,8,9,10,11,12,13,14,15,16,17,18,19,20,21,22,23,24,25,26,27,28,29,30,31,32,33,34,35,36,37,38,39,
2	532.536	317.937	1	0	3951.95	6	3	1070	900	,0,1,3,4,5,6,7,8,9,10,11,12,13,14,15,16,17,18,19,20,21,22,23,24,25,26,27,28,29,30,31,32,33,34,35,36,37,38,39,
3	321.29	588.395	1	0	2151.18	6	3	1135	900	,0,1,2,4,5,6,7,8,9,10,11,12,13,14,15,16,17,18,19,20,21,22,23,24,25,26,27,28,29,30,31,32,33,34,35,36,37,38,39,
4	746.584	491.313	1	0	117.545	6	3	1200	900	,0,1,2,3,5,6,7,8,9,10,11,12,13,14,15,16,17,18,19,20,21,22,23,24,25,26,27,28,29,30,31,32,33,34,35,36,37,38,39,
5	162.725	564.333	1	0	40.0579	1	3	1200	900	,0,1,2,3,4,6,7,8,9,10,11,12,13,14,15,16,17,18,19,20,21,22,23,24,25,26,27,28,29,30,31,32,33,34,35,36,37,38,39,
6	645.479	339.818	0	0	4013.19	10	3	1074	900	,0,1,2,3,4,5,7,8,9,10,11,12,13,14,15,16,17,18,19,20,21,22,23,24,25,26,27,28,29,30,31,32,33,34,35,36,37,38,39,
7	279.623	15.7598	1	0	552.276	1	3	1184	900	,0,1,2,3,4,5,6,8,9,10,11,12,13,14,15,16,17,18,19,20,21,22,23,24,25,26,27,28,29,30,31,32,33,34,35,36,37,38,39,
8	88.2901	242.914	1	0	3849.44	6	3	1072	900	,0,1,2,3,4,5,6,7,9,10,11,12,13,14,15,16,17,18,19,20,21,22,23,24,25,27,28,29,30,31,32,33,34,35,36,37,38,39,
9	138.609	113.854	1	0	3144.97	6	3	1099	900	,0,1,2,3,4,5,6,7,8,10,11,12,13,14,15,16,17,18,19,20,21,22,23,24,25,27,28,29,30,31,32,33,34,35,36,37,38,39,
10	895.7	295.72	1	0	897.944	6	3	1172	900	,0,1,2,3,4,5,6,7,8,9,11,12,13,14,15,16,17,18,19,20,21,22,23,24,25,26,27,28,29,30,31,33,34,35,36,37,38,39,
11	113.202	9.0549	1	0	323.196	6	3	1191	900	,0,1,2,3,4,5,6,7,8,9,10,12,13,14,15,16,17,18,19,20,22,23,24,25,27,28,29,30,31,32,33,34,35,36,37,38,39,
12	14.0477	251.642	1	0	2729.27	1	3	1114	900	,0,1,2,3,4,5,6,7,8,9,10,11,13,14,15,16,17,18,19,20,22,23,24,25,27,28,29,30,31,32,33,34,35,36,37,38,39,
13	484.524	377.29	1	0	172.761	1	3	1197	900	,0,1,2,3,4,5,6,7,8,9,10,11,12,14,15,16,17,18,19,20,21,22,23,24,25,26,27,28,29,30,31,32,33,34,35,36,37,38,39,
14	547.615	400.678	1	0	2518.91	6	3	1118	900	,0,1,2,3,4,5,6,7,8,9,10,11,12,13,15,16,17,18,19,20,21,22,23,24,25,26,27,28,29,30,31,32,33,34,35,36,37,38,39,
15	155.638	436.999	2	1	3942.23	2	0	1072	900	,0,1,2,3,4,5,6,7,8,9,10,11,12,13,14,16,17,18,19,20,21,22,23,24,25,26,27,28,29,30,31,32,33,34,35,36,37,38,39,
16	411.737	234.9	1	0	1713.04	1	3	1144	900	,0,1,2,3,4,5,6,7,8,9,10,11,12,13,14,15,17,18,19,20,21,22,23,24,25,26,27,28,29,30,31,32,33,34,35,36,37,38,39,
17	57.3627	401.015	1	0	705.228	1	3	1180	900	,0,1,2,3,4,5,6,7,8,9,10,11,12,13,14,15,16,18,19,20,21,22,23,24,25,26,27,28,29,30,31,32,33,34,35,36,37,38,39,
18	711.014	527.714	1	0	2132.52	6	3	1137	900	,0,1,2,3,4,5,6,7,8,9,10,11,12,13,14,15,16,17,19,20,21,22,23,24,25,26,27,28,29,30,31,32,33,34,35,36,37,38,39,
19	473.922	202.287	1	0	842.465	6	3	1174	900	,0,1,2,3,4,5,6,7,8,9,10,11,12,13,14,15,16,17,18,20,21,22,23,24,25,26,27,28,29,30,31,32,33,34,35,36,37,38,39,
20	794.403	478.359	1	0	2207.74	6	3	1131	900	,0,1,2,3,4,5,6,7,8,9,10,11,12,13,14,15,16,17,18,19,21,22,23,24,25,26,27,28,29,30,31,32,33,34,35,36,37,38,39,
21	866.338	607.737	1	0	1254.49	6	3	1161	900	,0,1,2,3,4,5,6,7,8,9,10,13,14,15,16,17,18,19,20,22,23,24,25,26,27,28,29,30,31,32,33,34,35,36,37,38,39,
22	491.446	98.5398	1	0	1715.64	1	3	1147	900	,0,1,2,3,4,5,6,7,8,9,10,11,12,13,14,15,16,17,18,19,20,21,23,24,25,26,27,28,29,30,31,32,33,34,35,36,37,38,39,
23	421.9	158.983	1	0	2722.26	6	3	1115	900	,0,1,2,3,4,5,6,7,8,9,10,11,12,13,14,15,16,17,18,19,20,21,22,24,25,26,27,28,29,30,31,32,33,34,35,36,37,38,39,
24	782.043	142.261	1	0	1169.72	6	3	1166	900	,0,1,2,3,4,5,6,7,8,9,10,11,12,13,14,15,16,17,18,19,20,21,22,23,25,26,27,28,29,30,31,32,33,34,35,36,37,38,39,
25	707.718	554.395	1	0	3328.06	6	3	1097	900	,0,1,2,3,4,5,6,7,8,9,10,11,12,13,14,15,16,17,18,19,20,21,22,23,24,26,27,28,29,30,31,32,33,34,35,36,37,38,39,
26	903.143	655.821	2	1	4102.23	2	0	1061	900	,1,2,3,4,5,6,7,10,13,14,15,16,17,18,19,20,21,22,23,24,25,27,28,29,30,31,32,33,34,35,36,37,38,39,
27	556.377	261.104	1	0	1565.24	6	3	1152	900	,0,1,2,3,4,5,6,7,8,9,10,11,12,13,14,15,16,17,18,19,20,21,22,23,24,25,26,28,29,30,31,32,33,34,35,36,37,38,39,
28	245.619	199.252	1	0	2605.24	6	3	1118	900	,0,1,2,3,4,5,6,7,8,9,10,11,12,13,14,15,16,17,18,19,20,21,22,23,24,25,26,27,29,30,31,32,33,34,35,36,37,38,39,
29	762.157	21.453	1	0	1008.48	6	3	1166	900	,0,1,2,3,4,5,6,7,8,9,10,11,12,13,14,15,16,17,18,19,20,21,22,23,24,25,26,27,28,30,31,33,34,35,36,37,38,39,
30	344.307	66.2252	1	0	2746.5	6	3	1115	900	,0,1,2,3,4,5,6,7,8,9,10,11,12,13,14,15,16,17,18,19,20,21,22,23,24,25,26,27,28,29,31,32,33,34,35,36,37,38,39,
31	615.513	42.5596	1	0	2204.79	6	3	1129	900	,0,1,2,3,4,5,6,7,8,9,10,11,12,13,14,15,16,17,18,19,20,21,22,23,24,25,26,27,28,29,30,32,33,34,35,36,37,38,39,
32	13.9379	603.233	1	0	2699.17	1	3	1119	900	,0,1,2,3,4,5,6,7,8,9,11,12,13,14,15,16,17,18,19,20,21,22,23,24,25,26,27,28,30,31,33,34,35,36,37,38,39,
33	254.326	183.403	1	0	3291.09	6	3	1090	900	,0,1,2,3,4,5,6,7,8,9,10,11,12,13,14,15,16,17,18,19,20,21,22,23,24,25,26,27,28,29,30,31,32,34,35,36,37,38,39,
34	535.145	455.289	1	0	2811.96	1	3	1110	900	,0,1,2,3,4,5,6,7,8,9,10,11,12,13,14,15,16,17,18,19,20,21,22,23,24,25,26,27,28,29,30,31,32,33,35,36,37,38,39,
35	759.877	478.24	1	0	1566.99	6	3	1151	900	,0,1,2,3,4,5,6,7,8,9,10,11,12,13,14,15,16,17,18,19,20,21,22,23,24,25,26,27,28,29,30,31,32,33,34,36,37,38,39,
36	442.473	139.503	1	0	2324.52	1	3	1126	900	,0,1,2,3,4,5,6,7,8,9,10,11,12,13,14,15,16,17,18,19,20,21,22,23,24,25,26,27,28,29,30,31,32,33,34,35,37,38,39,
37	675.39	310.518	1	0	1735.86	1	3	1145	900	,0,1,2,3,4,5,6,7,8,9,10,11,12,13,14,15,16,17,18,19,20,21,22,23,24,25,26,27,28,29,30,31,32,33,34,35,36,38,39,
38	418.192	622.971	1	0	2197.19	1	3	1132	900	,0,1,2,3,4,5,6,7,8,9,10,11,12,13,14,15,16,17,18,19,20,21,22,23,24,25,26,27,28,29,30,31,32,33,34,35,36,37,39,
39	676.022	76.4016	1	0	2676.82	1	3	1114	900	,0,1,2,3,4,5,6,7,8,9,10,11,12,13,14,15,16,17,18,19,20,21,22,23,24,25,26,27,28,29,30,31,32,33,34,35,36,37,38,
