1	180.001	531.701	1	1	24463.6	2	0	36	600	,0,2,3,4,5,6,7,8,9,11,12,13,14,15,16,17,18,19,22,23,25,27,28,30,32,33,34,35,36,37,38,40,41,42,43,44,45,46,47,48,49,
2	532.536	317.937	1	0	24506.1	4	3	35	600	,0,1,3,4,5,6,7,8,9,10,11,12,13,14,15,16,17,18,19,20,21,22,23,24,25,26,27,28,29,30,31,32,33,34,35,36,37,38,39,40,41,42,43,44,45,46,47,48,49,
3	321.29	588.395	1	1	24530.3	2	0	33	600	,0,1,2,4,5,6,7,8,9,12,13,14,15,16,17,18,19,20,21,22,23,25,26,27,28,30,32,33,34,35,36,37,38,40,41,42,43,44,45,46,47,48,49,
4	746.584	491.313	1	0	24596.2	9	3	31	600	,1,2,3,5,6,10,13,14,15,16,18,19,20,21,22,23,24,25,26,27,28,29,30,31,33,34,35,36,37,38,39,40,41,42,44,45,46,47,48,49,
5	162.725	564.333	1	1	24645	2	0	30	600	,0,1,2,3,4,6,7,8,9,11,12,13,14,15,16,17,18,19,22,23,25,27,28,30,32,33,34,36,37,38,40,41,42,43,44,45,47,48,49,
6	645.479	339.818	1	1	24928.8	2	0	21	600	,1,2,3,4,5,7,8,9,10,13,14,15,16,17,18,19,20,21,22,23,24,25,26,27,28,29,30,31,33,34,35,36,37,38,39,40,41,42,43,44,45,46,47,48,49,
7	279.623	15.7598	1	1	24443.7	2	0	36	600	,0,1,2,3,5,6,8,9,11,12,13,14,15,16,17,19,22,23,24,27,28,29,30,31,33,34,36,37,39,40,41,42,43,44,46,47,48,49,
8	88.2901	242.914	1	1	24897.3	2	0	21	600	,0,1,2,3,5,6,7,9,11,12,13,14,15,16,17,19,22,23,27,28,30,31,32,33,34,36,37,38,40,42,43,44,45,46,47,48,49,
9	138.609	113.854	1	0	24789.2	9	3	25	600	,0,1,2,3,5,6,7,8,11,12,13,14,15,16,17,19,22,23,27,28,30,31,32,33,34,36,37,38,39,40,42,43,44,46,47,48,49,
10	895.7	295.72	1	1	24792.3	2	0	25	600	,2,4,6,13,14,16,18,19,20,21,22,23,24,25,26,27,29,30,31,34,35,36,37,38,39,40,41,42,44,45,46,48,49,
11	113.202	9.0549	1	1	24844.8	2	0	23	600	,0,1,2,5,7,8,9,12,13,14,15,16,17,19,22,23,27,28,30,31,33,36,39,40,42,43,44,47,48,
12	14.0477	251.642	1	1	24322.2	2	0	40	600	,0,1,2,3,5,7,8,9,11,13,14,15,16,17,19,22,23,27,28,30,32,33,34,36,38,40,42,43,44,47,48,
13	484.524	377.29	0	0	24541.6	10	3	33	600	,0,1,2,3,4,5,6,7,8,9,10,11,12,14,15,16,17,18,19,20,21,22,23,24,25,26,27,28,29,30,31,32,33,34,35,36,37,38,39,40,41,42,43,44,45,46,47,48,49,
14	547.615	400.678	2	1	24436	2	0	36	600	,0,1,2,3,4,5,6,7,8,9,10,11,12,13,15,16,17,18,19,20,21,22,23,24,25,26,27,28,29,30,31,32,33,34,35,36,37,38,39,40,41,42,43,44,45,46,47,48,49,
15	155.638	436.999	1	0	24277.4	1	3	41	600	,0,1,2,3,4,5,6,7,8,9,11,12,13,14,16,17,18,19,22,23,25,27,28,30,32,33,34,36,37,38,40,41,42,43,44,45,46,47,48,49,
16	411.737	234.9	1	0	24187.7	9	3	44	600	,0,1,2,3,4,5,6,7,8,9,10,11,12,13,14,15,17,18,19,20,21,22,23,24,25,27,28,29,30,31,32,33,34,35,36,37,38,39,40,41,42,43,44,45,46,47,48,49,
17	57.3627	401.015	1	1	24526.7	2	0	34	600	,0,1,2,3,5,6,7,8,9,11,12,13,14,15,16,19,22,23,27,28,30,32,33,34,36,38,40,42,43,44,45,47,48,49,
18	711.014	527.714	1	1	24656	2	0	29	600	,1,2,3,4,5,6,10,13,14,15,16,19,20,21,22,23,24,25,26,27,28,29,30,31,33,34,35,36,37,38,39,40,41,42,44,45,46,47,48,49,
19	473.922	202.287	1	1	24463	2	0	35	600	,0,1,2,3,4,5,6,7,8,9,10,11,12,13,14,15,16,17,18,20,21,22,23,24,25,27,28,29,30,31,33,34,35,36,37,38,39,40,41,42,43,44,45,46,47,48,49,
20	794.403	478.359	1	1	24630.2	2	0	30	600	,2,3,4,6,10,13,14,16,18,19,21,22,23,24,25,26,27,29,31,34,35,36,37,38,39,40,41,42,44,45,46,48,49,
21	866.338	607.737	1	1	24432.2	2	0	36	600	,2,3,4,6,10,13,14,16,18,19,20,24,25,26,27,29,34,35,37,38,39,40,41,42,44,45,46,49,
22	491.446	98.5398	1	0	24506.1	4	3	35	600	,0,1,2,3,4,5,6,7,8,9,10,11,12,13,14,15,16,17,18,19,20,23,24,25,27,28,29,30,31,33,34,35,36,37,38,39,40,41,42,43,44,45,46,47,48,49,
23	421.9	158.983	1	0	24641.8	4	3	30	600	,0,1,2,3,4,5,6,7,8,9,10,11,12,13,14,15,16,17,18,19,20,22,24,25,27,28,29,30,31,33,34,35,36,37,38,39,40,41,42,43,44,45,46,47,48,49,
24	782.043	142.261	1	0	24680.2	9	3	29	600	,2,4,6,7,10,13,14,16,18,19,20,21,22,23,25,26,27,28,29,30,31,33,34,35,36,37,39,40,41,42,44,45,46,48,49,
25	707.718	554.395	1	1	24096	2	0	47	600	,1,2,3,4,5,6,10,13,14,15,16,18,19,20,21,22,23,24,26,27,28,29,31,33,34,35,36,37,38,39,40,41,42,44,45,46,47,48,49,
26	903.143	655.821	1	1	24704.4	2	0	27	600	,2,3,4,6,10,13,14,18,20,21,24,25,27,34,35,37,38,40,41,42,44,45,46,49,
27	556.377	261.104	1	1	24469.5	2	0	35	600	,0,1,2,3,4,5,6,7,8,9,10,11,12,13,14,15,16,17,18,19,20,21,22,23,24,25,26,28,29,30,31,33,34,35,36,37,38,39,40,41,42,43,44,45,46,47,48,49,
28	245.619	199.252	1	0	24569.5	9	3	32	600	,0,1,2,3,4,5,6,7,8,9,11,12,13,14,15,16,17,18,19,22,23,24,25,27,29,30,31,32,33,34,35,36,37,38,39,40,41,42,43,44,45,46,47,48,49,
29	762.157	21.453	1	1	24500.3	2	0	34	600	,2,4,6,7,10,13,14,16,18,19,20,21,22,23,24,25,27,28,30,31,33,34,35,36,37,39,40,41,42,46,48,49,
30	344.307	66.2252	1	1	24572.6	2	0	32	600	,0,1,2,3,4,5,6,7,8,9,10,11,12,13,14,15,16,17,18,19,22,23,24,27,28,29,31,33,34,35,36,37,38,39,40,41,42,43,44,45,46,47,48,49,
31	615.513	42.5596	1	1	24159	2	0	45	600	,2,4,6,7,8,9,10,11,13,14,16,18,19,20,22,23,24,25,27,28,29,30,33,34,35,36,37,39,40,41,42,43,44,46,48,49,
32	13.9379	603.233	1	0	24711	9	3	28	600	,0,1,2,3,5,8,9,12,13,14,15,16,17,28,33,34,38,43,44,45,47,
33	254.326	183.403	1	0	24873.2	9	3	23	600	,0,1,2,3,4,5,6,7,8,9,11,12,13,14,15,16,17,18,19,22,23,24,25,27,28,29,30,31,32,34,35,36,37,38,39,40,41,42,43,44,45,46,47,48,49,
34	535.145	455.289	1	0	24433.8	1	3	37	600	,0,1,2,3,4,5,6,7,8,9,10,12,13,14,15,16,17,18,19,20,21,22,23,24,25,26,27,28,29,30,31,32,33,35,36,37,38,39,40,41,42,43,44,45,46,47,48,49,
35	759.877	478.24	1	0	24789.2	9	3	25	600	,1,2,3,4,6,10,13,14,16,18,19,20,21,22,23,24,25,26,27,28,29,30,31,33,34,36,37,38,39,40,41,42,44,45,46,48,49,
36	442.473	139.503	1	1	24908.8	2	0	21	600	,0,1,2,3,4,5,6,7,8,9,10,11,12,13,14,15,16,17,18,19,20,22,23,24,25,27,28,29,30,31,33,34,35,37,38,39,40,41,42,43,44,45,46,47,48,49,
37	675.39	310.518	1	1	24871.5	2	0	22	600	,1,2,3,4,5,6,7,8,9,10,13,14,15,16,18,19,20,21,22,23,24,25,26,27,28,29,30,31,33,34,35,36,38,39,40,41,42,43,44,45,46,47,48,49,
38	418.192	622.971	1	0	24429	9	3	36	600	,0,1,2,3,4,5,6,8,9,10,12,13,14,15,16,17,18,19,20,21,22,23,25,26,27,28,30,32,33,34,35,36,37,40,41,42,43,44,45,46,47,48,49,
39	676.022	76.4016	1	1	24258.1	2	0	42	600	,2,4,6,7,9,10,11,13,14,16,18,19,20,21,22,23,24,25,27,28,29,30,31,33,34,35,36,37,40,41,42,43,44,46,48,49,
40	545.171	256.423	1	0	24207.5	4	3	44	600	,0,1,2,3,4,5,6,7,8,9,10,11,12,13,14,15,16,17,18,19,20,21,22,23,24,25,26,27,28,29,30,31,33,34,35,36,37,38,39,41,42,43,44,45,46,47,48,49,
41	667.534	401.848	1	1	24368.1	2	0	38	600	,1,2,3,4,5,6,7,10,13,14,15,16,18,19,20,21,22,23,24,25,26,27,28,29,30,31,33,34,35,36,37,38,39,40,42,43,44,45,46,47,48,49,
42	521.192	240.89	0	0	24677.3	10	3	28	600	,0,1,2,3,4,5,6,7,8,9,10,11,12,13,14,15,16,17,18,19,20,21,22,23,24,25,26,27,28,29,30,31,33,34,35,36,37,38,39,40,41,43,44,45,46,47,48,49,
43	142.427	152.338	1	1	24185.8	2	0	44	600	,0,1,2,3,5,6,7,8,9,11,12,13,14,15,16,17,19,22,23,27,28,30,31,32,33,34,36,37,38,39,40,41,42,44,45,46,47,48,49,
44	388.665	527.892	0	0	24677.3	10	3	28	600	,0,1,2,3,4,5,6,7,8,9,10,11,12,13,14,15,16,17,18,19,20,21,22,23,24,25,26,27,28,30,31,32,33,34,35,36,37,38,39,40,41,42,43,45,46,47,48,49,
45	471.423	649.513	1	1	24792.3	2	0	25	600	,0,1,2,3,4,5,6,8,10,13,14,15,16,17,18,19,20,21,22,23,24,25,26,27,28,30,32,33,34,35,36,37,38,40,41,42,43,44,46,47,49,
46	682.421	230.635	1	0	24622	9	3	30	600	,1,2,3,4,6,7,8,9,10,13,14,15,16,18,19,20,21,22,23,24,25,26,27,28,29,30,31,33,34,35,36,37,38,39,40,41,42,43,44,45,47,48,49,
47	158.11	433.27	1	0	24344	4	3	40	600	,0,1,2,3,4,5,6,7,8,9,11,12,13,14,15,16,17,18,19,22,23,25,27,28,30,32,33,34,36,37,38,40,41,42,43,44,45,46,48,49,
48	448.735	47.3205	1	1	24284.8	2	0	41	600	,0,1,2,3,4,5,6,7,8,9,10,11,12,13,14,15,16,17,18,19,20,22,23,24,25,27,28,29,30,31,33,34,35,36,37,38,39,40,41,42,43,44,46,47,49,
49	635.81	334.144	1	0	24595.3	1	3	31	600	,1,2,3,4,5,6,7,8,9,10,13,14,15,16,17,18,19,20,21,22,23,24,25,26,27,28,29,30,31,33,34,35,36,37,38,39,40,41,42,43,44,45,46,47,48,
