1	180.001	531.701	1	0	15442.8	1	4	469	600	,0,2,3,4,5,6,7,8,9,11,12,13,14,15,16,17,18,19,22,23,25,27,28,30,32,33,34,35,36,37,38,40,41,42,43,44,45,46,47,48,49,
2	532.536	317.937	1	0	15553.4	1	4	467	600	,0,1,3,4,5,6,7,8,9,10,11,12,13,14,15,16,17,18,19,20,21,22,23,24,25,26,27,28,29,30,31,32,33,34,35,36,37,38,39,40,41,42,43,44,45,46,47,48,49,
3	321.29	588.395	1	0	15620.5	5	4	466	600	,0,1,2,4,5,6,7,8,9,12,13,14,15,16,17,18,19,20,21,22,23,25,26,27,28,30,32,33,34,35,36,37,38,40,41,42,43,44,45,46,47,48,49,
4	746.584	491.313	1	0	15446.2	1	4	473	600	,1,2,3,5,6,10,13,14,15,16,18,19,20,21,22,23,24,25,26,27,28,29,30,31,33,34,35,36,37,38,39,40,41,42,44,45,46,47,48,49,
5	162.725	564.333	0	0	16165.4	10	4	449	600	,0,1,2,3,4,6,7,8,9,11,12,13,14,15,16,17,18,19,22,23,25,27,28,30,32,33,34,36,37,38,40,41,42,43,44,45,47,48,49,
6	645.479	339.818	2	1	16344.9	3	0	440	600	,1,2,3,4,5,7,8,9,10,13,14,15,16,17,18,19,20,21,22,23,24,25,26,27,28,29,30,31,33,34,35,36,37,38,39,40,41,42,43,44,45,46,47,48,49,
7	279.623	15.7598	0	0	16504.9	10	4	436	600	,0,1,2,3,5,6,8,9,11,12,13,14,15,16,17,19,22,23,24,27,28,29,30,31,33,34,36,37,39,40,41,42,43,44,46,47,48,49,
8	88.2901	242.914	0	0	16139.5	10	4	445	600	,0,1,2,3,5,6,7,9,11,12,13,14,15,16,17,19,22,23,27,28,30,31,32,33,34,36,37,38,40,42,43,44,45,46,47,48,49,
9	138.609	113.854	1	0	15919.3	10	4	457	600	,0,1,2,3,5,6,7,8,11,12,13,14,15,16,17,19,22,23,27,28,30,31,32,33,34,36,37,38,39,40,42,43,44,46,47,48,49,
10	895.7	295.72	1	0	16058.4	10	4	454	600	,2,4,6,13,14,16,18,19,20,21,22,23,24,25,26,27,29,30,31,34,35,36,37,38,39,40,41,42,44,45,46,48,49,
11	113.202	9.0549	0	0	16706.6	10	4	428	600	,0,1,2,5,7,8,9,12,13,14,15,16,17,19,22,23,27,28,30,31,33,36,39,40,42,43,44,47,48,
12	14.0477	251.642	1	0	15415.5	10	4	473	600	,0,1,2,3,5,7,8,9,11,13,14,15,16,17,19,22,23,27,28,30,32,33,34,36,38,40,42,43,44,47,48,
13	484.524	377.29	0	0	16008.8	10	4	450	600	,0,1,2,3,4,5,6,7,8,9,10,11,12,14,15,16,17,18,19,20,21,22,23,24,25,26,27,28,29,30,31,32,33,34,35,36,37,38,39,40,41,42,43,44,45,46,47,48,49,
14	547.615	400.678	2	1	15847.8	3	0	462	600	,0,1,2,3,4,5,6,7,8,9,10,11,12,13,15,16,17,18,19,20,21,22,23,24,25,26,27,28,29,30,31,32,33,34,35,36,37,38,39,40,41,42,43,44,45,46,47,48,49,
15	155.638	436.999	1	0	14260.2	5	4	509	600	,0,1,2,3,4,5,6,7,8,9,11,12,13,14,16,17,18,19,22,23,25,27,28,30,32,33,34,36,37,38,40,41,42,43,44,45,46,47,48,49,
16	411.737	234.9	1	0	15110	5	4	484	600	,0,1,2,3,4,5,6,7,8,9,10,11,12,13,14,15,17,18,19,20,21,22,23,24,25,27,28,29,30,31,32,33,34,35,36,37,38,39,40,41,42,43,44,45,46,47,48,49,
17	57.3627	401.015	1	0	15791.9	1	4	463	600	,0,1,2,3,5,6,7,8,9,11,12,13,14,15,16,19,22,23,27,28,30,32,33,34,36,38,40,42,43,44,45,47,48,49,
18	711.014	527.714	1	0	15302.5	1	4	480	600	,1,2,3,4,5,6,10,13,14,15,16,19,20,21,22,23,24,25,26,27,28,29,30,31,33,34,35,36,37,38,39,40,41,42,44,45,46,47,48,49,
19	473.922	202.287	1	0	15011.2	5	4	489	600	,0,1,2,3,4,5,6,7,8,9,10,11,12,13,14,15,16,17,18,20,21,22,23,24,25,27,28,29,30,31,33,34,35,36,37,38,39,40,41,42,43,44,45,46,47,48,49,
20	794.403	478.359	0	0	17023.4	10	4	422	600	,2,3,4,6,10,13,14,16,18,19,21,22,23,24,25,26,27,29,31,34,35,36,37,38,39,40,41,42,44,45,46,48,49,
21	866.338	607.737	1	0	15598.6	5	4	467	600	,2,3,4,6,10,13,14,16,18,19,20,24,25,26,27,29,34,35,37,38,39,40,41,42,44,45,46,49,
22	491.446	98.5398	1	0	15774.3	5	4	465	600	,0,1,2,3,4,5,6,7,8,9,10,11,12,13,14,15,16,17,18,19,20,23,24,25,27,28,29,30,31,33,34,35,36,37,38,39,40,41,42,43,44,45,46,47,48,49,
23	421.9	158.983	1	0	15357	10	4	478	600	,0,1,2,3,4,5,6,7,8,9,10,11,12,13,14,15,16,17,18,19,20,22,24,25,27,28,29,30,31,33,34,35,36,37,38,39,40,41,42,43,44,45,46,47,48,49,
24	782.043	142.261	2	1	16488.4	3	0	437	600	,2,4,6,7,10,13,14,16,18,19,20,21,22,23,25,26,27,28,29,30,31,33,34,35,36,37,39,40,41,42,44,45,46,48,49,
25	707.718	554.395	2	1	16515.3	3	0	438	600	,1,2,3,4,5,6,10,13,14,15,16,18,19,20,21,22,23,24,26,27,28,29,31,33,34,35,36,37,38,39,40,41,42,44,45,46,47,48,49,
26	903.143	655.821	2	1	16657.2	3	0	429	600	,2,3,4,6,10,13,14,18,20,21,24,25,27,34,35,37,38,40,41,42,44,45,46,49,
27	556.377	261.104	0	0	16368.7	10	4	440	600	,0,1,2,3,4,5,6,7,8,9,10,11,12,13,14,15,16,17,18,19,20,21,22,23,24,25,26,28,29,30,31,33,34,35,36,37,38,39,40,41,42,43,44,45,46,47,48,49,
28	245.619	199.252	1	0	15131	10	4	485	600	,0,1,2,3,4,5,6,7,8,9,11,12,13,14,15,16,17,18,19,22,23,24,25,27,29,30,31,32,33,34,35,36,37,38,39,40,41,42,43,44,45,46,47,48,49,
29	762.157	21.453	1	0	15648.2	10	4	468	600	,2,4,6,7,10,13,14,16,18,19,20,21,22,23,24,25,27,28,30,31,33,34,35,36,37,39,40,41,42,46,48,49,
30	344.307	66.2252	2	1	16555.1	3	0	433	600	,0,1,2,3,4,5,6,7,8,9,10,11,12,13,14,15,16,17,18,19,22,23,24,27,28,29,31,33,34,35,36,37,38,39,40,41,42,43,44,45,46,47,48,49,
31	615.513	42.5596	1	0	15704.7	1	4	464	600	,2,4,6,7,8,9,10,11,13,14,16,18,19,20,22,23,24,25,27,28,29,30,33,34,35,36,37,39,40,41,42,43,44,46,48,49,
32	13.9379	603.233	2	1	16400.4	3	0	439	600	,0,1,2,3,5,8,9,12,13,14,15,16,17,28,33,34,38,43,44,45,47,
33	254.326	183.403	2	1	16100.3	3	0	450	600	,0,1,2,3,4,5,6,7,8,9,11,12,13,14,15,16,17,18,19,22,23,24,25,27,28,29,30,31,32,34,35,36,37,38,39,40,41,42,43,44,45,46,47,48,49,
34	535.145	455.289	2	1	15959	3	0	454	600	,0,1,2,3,4,5,6,7,8,9,10,12,13,14,15,16,17,18,19,20,21,22,23,24,25,26,27,28,29,30,31,32,33,35,36,37,38,39,40,41,42,43,44,45,46,47,48,49,
35	759.877	478.24	1	0	15131.6	5	4	485	600	,1,2,3,4,6,10,13,14,16,18,19,20,21,22,23,24,25,26,27,28,29,30,31,33,34,36,37,38,39,40,41,42,44,45,46,48,49,
36	442.473	139.503	2	1	16187.5	3	0	445	600	,0,1,2,3,4,5,6,7,8,9,10,11,12,13,14,15,16,17,18,19,20,22,23,24,25,27,28,29,30,31,33,34,35,37,38,39,40,41,42,43,44,45,46,47,48,49,
37	675.39	310.518	0	0	16654.4	10	4	430	600	,1,2,3,4,5,6,7,8,9,10,13,14,15,16,18,19,20,21,22,23,24,25,26,27,28,29,30,31,33,34,35,36,38,39,40,41,42,43,44,45,46,47,48,49,
38	418.192	622.971	0	0	16280.2	10	4	443	600	,0,1,2,3,4,5,6,8,9,10,12,13,14,15,16,17,18,19,20,21,22,23,25,26,27,28,30,32,33,34,35,36,37,40,41,42,43,44,45,46,47,48,49,
39	676.022	76.4016	1	0	15781.8	10	4	461	600	,2,4,6,7,9,10,11,13,14,16,18,19,20,21,22,23,24,25,27,28,29,30,31,33,34,35,36,37,40,41,42,43,44,46,48,49,
40	545.171	256.423	1	0	15832.8	10	4	461	600	,0,1,2,3,4,5,6,7,8,9,10,11,12,13,14,15,16,17,18,19,20,21,22,23,24,25,26,27,28,29,30,31,33,34,35,36,37,38,39,41,42,43,44,45,46,47,48,49,
41	667.534	401.848	1	0	15501.3	1	4	471	600	,1,2,3,4,5,6,7,10,13,14,15,16,18,19,20,21,22,23,24,25,26,27,28,29,30,31,33,34,35,36,37,38,39,40,42,43,44,45,46,47,48,49,
42	521.192	240.89	1	0	15981.8	10	4	451	600	,0,1,2,3,4,5,6,7,8,9,10,11,12,13,14,15,16,17,18,19,20,21,22,23,24,25,26,27,28,29,30,31,33,34,35,36,37,38,39,40,41,43,44,45,46,47,48,49,
43	142.427	152.338	1	0	15564.1	1	4	469	600	,0,1,2,3,5,6,7,8,9,11,12,13,14,15,16,17,19,22,23,27,28,30,31,32,33,34,36,37,38,39,40,41,42,44,45,46,47,48,49,
44	388.665	527.892	1	0	15624	1	4	463	600	,0,1,2,3,4,5,6,7,8,9,10,11,12,13,14,15,16,17,18,19,20,21,22,23,24,25,26,27,28,30,31,32,33,34,35,36,37,38,39,40,41,42,43,45,46,47,48,49,
45	471.423	649.513	1	0	15288.3	1	4	477	600	,0,1,2,3,4,5,6,8,10,13,14,15,16,17,18,19,20,21,22,23,24,25,26,27,28,30,32,33,34,35,36,37,38,40,41,42,43,44,46,47,49,
46	682.421	230.635	1	0	15125	5	4	485	600	,1,2,3,4,6,7,8,9,10,13,14,15,16,18,19,20,21,22,23,24,25,26,27,28,29,30,31,33,34,35,36,37,38,39,40,41,42,43,44,45,47,48,49,
47	158.11	433.27	1	0	15702.4	5	4	465	600	,0,1,2,3,4,5,6,7,8,9,11,12,13,14,15,16,17,18,19,22,23,25,27,28,30,32,33,34,36,37,38,40,41,42,43,44,45,46,48,49,
48	448.735	47.3205	2	1	16691.6	3	0	430	600	,0,1,2,3,4,5,6,7,8,9,10,11,12,13,14,15,16,17,18,19,20,22,23,24,25,27,28,29,30,31,33,34,35,36,37,38,39,40,41,42,43,44,46,47,49,
49	635.81	334.144	1	0	14990	10	4	487	600	,1,2,3,4,5,6,7,8,9,10,13,14,15,16,17,18,19,20,21,22,23,24,25,26,27,28,29,30,31,33,34,35,36,37,38,39,40,41,42,43,44,45,46,47,48,
