1	180.001	531.701	1	0	14780.5	10	5	501	600	,0,2,3,4,5,6,7,8,9,11,12,13,14,15,16,17,18,19,22,23,25,27,28,30,32,33,34,35,36,37,38,40,41,42,43,44,45,46,47,48,49,
2	532.536	317.937	1	0	15058.4	5	5	494	600	,0,1,3,4,5,6,7,8,9,10,11,12,13,14,15,16,17,18,19,20,21,22,23,24,25,26,27,28,29,30,31,32,33,34,35,36,37,38,39,40,41,42,43,44,45,46,47,48,49,
3	321.29	588.395	1	0	14919.9	10	5	499	600	,0,1,2,4,5,6,7,8,9,12,13,14,15,16,17,18,19,20,21,22,23,25,26,27,28,30,32,33,34,35,36,37,38,40,41,42,43,44,45,46,47,48,49,
4	746.584	491.313	1	0	14531	1	5	513	600	,1,2,3,5,6,10,13,14,15,16,18,19,20,21,22,23,24,25,26,27,28,29,30,31,33,34,35,36,37,38,39,40,41,42,44,45,46,47,48,49,
5	162.725	564.333	2	1	15494.5	4	0	481	600	,0,1,2,3,4,6,7,8,9,11,12,13,14,15,16,17,18,19,22,23,25,27,28,30,32,33,34,36,37,38,40,41,42,43,44,45,47,48,49,
6	645.479	339.818	0	0	15758.2	10	5	469	600	,1,2,3,4,5,7,8,9,10,13,14,15,16,17,18,19,20,21,22,23,24,25,26,27,28,29,30,31,33,34,35,36,37,38,39,40,41,42,43,44,45,46,47,48,49,
7	279.623	15.7598	2	1	15833.9	4	0	468	600	,0,1,2,3,5,6,8,9,11,12,13,14,15,16,17,19,22,23,24,27,28,29,30,31,33,34,36,37,39,40,41,42,43,44,46,47,48,49,
8	88.2901	242.914	2	1	15468.5	4	0	477	600	,0,1,2,3,5,6,7,9,11,12,13,14,15,16,17,19,22,23,27,28,30,31,32,33,34,36,37,38,40,42,43,44,45,46,47,48,49,
9	138.609	113.854	1	0	15067.2	1	5	495	600	,0,1,2,3,5,6,7,8,11,12,13,14,15,16,17,19,22,23,27,28,30,31,32,33,34,36,37,38,39,40,42,43,44,46,47,48,49,
10	895.7	295.72	1	0	15227.2	5	5	492	600	,2,4,6,13,14,16,18,19,20,21,22,23,24,25,26,27,29,30,31,34,35,36,37,38,39,40,41,42,44,45,46,48,49,
11	113.202	9.0549	2	1	16035.6	4	0	460	600	,0,1,2,5,7,8,9,12,13,14,15,16,17,19,22,23,27,28,30,31,33,36,39,40,42,43,44,47,48,
12	14.0477	251.642	1	0	14511.8	1	5	513	600	,0,1,2,3,5,7,8,9,11,13,14,15,16,17,19,22,23,27,28,30,32,33,34,36,38,40,42,43,44,47,48,
13	484.524	377.29	2	1	15337.8	4	0	482	600	,0,1,2,3,4,5,6,7,8,9,10,11,12,14,15,16,17,18,19,20,21,22,23,24,25,26,27,28,29,30,31,32,33,34,35,36,37,38,39,40,41,42,43,44,45,46,47,48,49,
14	547.615	400.678	0	0	15261.1	10	5	491	600	,0,1,2,3,4,5,6,7,8,9,10,11,12,13,15,16,17,18,19,20,21,22,23,24,25,26,27,28,29,30,31,32,33,34,35,36,37,38,39,40,41,42,43,44,45,46,47,48,49,
15	155.638	436.999	1	0	13351.5	1	5	549	600	,0,1,2,3,4,5,6,7,8,9,11,12,13,14,16,17,18,19,22,23,25,27,28,30,32,33,34,36,37,38,40,41,42,43,44,45,46,47,48,49,
16	411.737	234.9	1	0	13845.2	1	5	535	600	,0,1,2,3,4,5,6,7,8,9,10,11,12,13,14,15,17,18,19,20,21,22,23,24,25,27,28,29,30,31,32,33,34,35,36,37,38,39,40,41,42,43,44,45,46,47,48,49,
17	57.3627	401.015	0	0	15625.5	10	5	479	600	,0,1,2,3,5,6,7,8,9,11,12,13,14,15,16,19,22,23,27,28,30,32,33,34,36,38,40,42,43,44,45,47,48,49,
18	711.014	527.714	1	0	14988.8	10	5	501	600	,1,2,3,4,5,6,10,13,14,15,16,19,20,21,22,23,24,25,26,27,28,29,30,31,33,34,35,36,37,38,39,40,41,42,44,45,46,47,48,49,
19	473.922	202.287	1	0	14353	1	5	521	600	,0,1,2,3,4,5,6,7,8,9,10,11,12,13,14,15,16,17,18,20,21,22,23,24,25,27,28,29,30,31,33,34,35,36,37,38,39,40,41,42,43,44,45,46,47,48,49,
20	794.403	478.359	2	1	16352.4	4	0	454	600	,2,3,4,6,10,13,14,16,18,19,21,22,23,24,25,26,27,29,31,34,35,36,37,38,39,40,41,42,44,45,46,48,49,
21	866.338	607.737	1	0	14998	1	5	497	600	,2,3,4,6,10,13,14,16,18,19,20,24,25,26,27,29,34,35,37,38,39,40,41,42,44,45,46,49,
22	491.446	98.5398	1	0	14948.9	1	5	502	600	,0,1,2,3,4,5,6,7,8,9,10,11,12,13,14,15,16,17,18,19,20,23,24,25,27,28,29,30,31,33,34,35,36,37,38,39,40,41,42,43,44,45,46,47,48,49,
23	421.9	158.983	1	0	14899.2	5	5	504	600	,0,1,2,3,4,5,6,7,8,9,10,11,12,13,14,15,16,17,18,19,20,22,24,25,27,28,29,30,31,33,34,35,36,37,38,39,40,41,42,43,44,45,46,47,48,49,
24	782.043	142.261	0	0	15901.8	10	5	466	600	,2,4,6,7,10,13,14,16,18,19,20,21,22,23,25,26,27,28,29,30,31,33,34,35,36,37,39,40,41,42,44,45,46,48,49,
25	707.718	554.395	0	0	15928.7	10	5	467	600	,1,2,3,4,5,6,10,13,14,15,16,18,19,20,21,22,23,24,26,27,28,29,31,33,34,35,36,37,38,39,40,41,42,44,45,46,47,48,49,
26	903.143	655.821	0	0	16070.6	10	5	458	600	,2,3,4,6,10,13,14,18,20,21,24,25,27,34,35,37,38,40,41,42,44,45,46,49,
27	556.377	261.104	2	1	15697.7	4	0	472	600	,0,1,2,3,4,5,6,7,8,9,10,11,12,13,14,15,16,17,18,19,20,21,22,23,24,25,26,28,29,30,31,33,34,35,36,37,38,39,40,41,42,43,44,45,46,47,48,49,
28	245.619	199.252	1	0	14525.3	10	5	515	600	,0,1,2,3,4,5,6,7,8,9,11,12,13,14,15,16,17,18,19,22,23,24,25,27,29,30,31,32,33,34,35,36,37,38,39,40,41,42,43,44,45,46,47,48,49,
29	762.157	21.453	1	0	15159	10	5	494	600	,2,4,6,7,10,13,14,16,18,19,20,21,22,23,24,25,27,28,30,31,33,34,35,36,37,39,40,41,42,46,48,49,
30	344.307	66.2252	0	0	15968.5	10	5	462	600	,0,1,2,3,4,5,6,7,8,9,10,11,12,13,14,15,16,17,18,19,22,23,24,27,28,29,31,33,34,35,36,37,38,39,40,41,42,43,44,45,46,47,48,49,
31	615.513	42.5596	1	0	14943.3	1	5	499	600	,2,4,6,7,8,9,10,11,13,14,16,18,19,20,22,23,24,25,27,28,29,30,33,34,35,36,37,39,40,41,42,43,44,46,48,49,
32	13.9379	603.233	0	0	15813.8	10	5	468	600	,0,1,2,3,5,8,9,12,13,14,15,16,17,28,33,34,38,43,44,45,47,
33	254.326	183.403	0	0	15513.6	10	5	479	600	,0,1,2,3,4,5,6,7,8,9,11,12,13,14,15,16,17,18,19,22,23,24,25,27,28,29,30,31,32,34,35,36,37,38,39,40,41,42,43,44,45,46,47,48,49,
34	535.145	455.289	0	0	15372.3	10	5	483	600	,0,1,2,3,4,5,6,7,8,9,10,12,13,14,15,16,17,18,19,20,21,22,23,24,25,26,27,28,29,30,31,32,33,35,36,37,38,39,40,41,42,43,44,45,46,47,48,49,
35	759.877	478.24	1	0	14416	5	5	519	600	,1,2,3,4,6,10,13,14,16,18,19,20,21,22,23,24,25,26,27,28,29,30,31,33,34,36,37,38,39,40,41,42,44,45,46,48,49,
36	442.473	139.503	0	0	15600.8	10	5	474	600	,0,1,2,3,4,5,6,7,8,9,10,11,12,13,14,15,16,17,18,19,20,22,23,24,25,27,28,29,30,31,33,34,35,37,38,39,40,41,42,43,44,45,46,47,48,49,
37	675.39	310.518	2	1	15983.4	4	0	462	600	,1,2,3,4,5,6,7,8,9,10,13,14,15,16,18,19,20,21,22,23,24,25,26,27,28,29,30,31,33,34,35,36,38,39,40,41,42,43,44,45,46,47,48,49,
38	418.192	622.971	2	1	15609.2	4	0	475	600	,0,1,2,3,4,5,6,8,9,10,12,13,14,15,16,17,18,19,20,21,22,23,25,26,27,28,30,32,33,34,35,36,37,40,41,42,43,44,45,46,47,48,49,
39	676.022	76.4016	1	0	15002.9	1	5	497	600	,2,4,6,7,9,10,11,13,14,16,18,19,20,21,22,23,24,25,27,28,29,30,31,33,34,35,36,37,40,41,42,43,44,46,48,49,
40	545.171	256.423	1	0	15368.7	5	5	487	600	,0,1,2,3,4,5,6,7,8,9,10,11,12,13,14,15,16,17,18,19,20,21,22,23,24,25,26,27,28,29,30,31,33,34,35,36,37,38,39,41,42,43,44,45,46,47,48,49,
41	667.534	401.848	1	0	14974.8	10	5	498	600	,1,2,3,4,5,6,7,10,13,14,15,16,18,19,20,21,22,23,24,25,26,27,28,29,30,31,33,34,35,36,37,38,39,40,42,43,44,45,46,47,48,49,
42	521.192	240.89	1	0	15331.1	5	5	483	600	,0,1,2,3,4,5,6,7,8,9,10,11,12,13,14,15,16,17,18,19,20,21,22,23,24,25,26,27,28,29,30,31,33,34,35,36,37,38,39,40,41,43,44,45,46,47,48,49,
43	142.427	152.338	1	0	15015.9	10	5	497	600	,0,1,2,3,5,6,7,8,9,11,12,13,14,15,16,17,19,22,23,27,28,30,31,32,33,34,36,37,38,39,40,41,42,44,45,46,47,48,49,
44	388.665	527.892	1	0	14772.8	1	5	501	600	,0,1,2,3,4,5,6,7,8,9,10,11,12,13,14,15,16,17,18,19,20,21,22,23,24,25,26,27,28,30,31,32,33,34,35,36,37,38,39,40,41,42,43,45,46,47,48,49,
45	471.423	649.513	1	0	14735.1	10	5	505	600	,0,1,2,3,4,5,6,8,10,13,14,15,16,17,18,19,20,21,22,23,24,25,26,27,28,30,32,33,34,35,36,37,38,40,41,42,43,44,46,47,49,
46	682.421	230.635	1	0	14791.5	10	5	506	600	,1,2,3,4,6,7,8,9,10,13,14,15,16,18,19,20,21,22,23,24,25,26,27,28,29,30,31,33,34,35,36,37,38,39,40,41,42,43,44,45,47,48,49,
47	158.11	433.27	1	0	15221.5	10	5	491	600	,0,1,2,3,4,5,6,7,8,9,11,12,13,14,15,16,17,18,19,22,23,25,27,28,30,32,33,34,36,37,38,40,41,42,43,44,45,46,48,49,
48	448.735	47.3205	0	0	16105	10	5	459	600	,0,1,2,3,4,5,6,7,8,9,10,11,12,13,14,15,16,17,18,19,20,22,23,24,25,27,28,29,30,31,33,34,35,36,37,38,39,40,41,42,43,44,46,47,49,
49	635.81	334.144	1	0	14667.9	10	5	508	600	,1,2,3,4,5,6,7,8,9,10,13,14,15,16,17,18,19,20,21,22,23,24,25,26,27,28,29,30,31,33,34,35,36,37,38,39,40,41,42,43,44,45,46,47,48,
