1	180.001	531.701	1	0	14024.5	8	5	543	600	,0,2,3,4,5,6,7,8,9,11,12,13,14,15,16,17,18,19,22,23,25,27,28,30,32,33,34,35,36,37,38,40,41,42,43,44,45,46,47,48,49,
2	532.536	317.937	1	0	13593.4	3	5	558	600	,0,1,3,4,5,6,7,8,9,10,11,12,13,14,15,16,17,18,19,20,21,22,23,24,25,26,27,28,29,30,31,32,33,34,35,36,37,38,39,40,41,42,43,44,45,46,47,48,49,
3	321.29	588.395	1	0	14284.9	8	5	536	600	,0,1,2,4,5,6,7,8,9,12,13,14,15,16,17,18,19,20,21,22,23,25,26,27,28,30,32,33,34,35,36,37,38,40,41,42,43,44,45,46,47,48,49,
4	746.584	491.313	1	1	14121.2	3	0	543	600	,1,2,3,5,6,10,13,14,15,16,18,19,20,21,22,23,24,25,26,27,28,29,30,31,33,34,35,36,37,38,39,40,41,42,44,45,46,47,48,49,
5	162.725	564.333	1	1	14709.5	3	0	522	600	,0,1,2,3,4,6,7,8,9,11,12,13,14,15,16,17,18,19,22,23,25,27,28,30,32,33,34,36,37,38,40,41,42,43,44,45,47,48,49,
6	645.479	339.818	0	0	14763.7	10	5	517	600	,1,2,3,4,5,7,8,9,10,13,14,15,16,17,18,19,20,21,22,23,24,25,26,27,28,29,30,31,33,34,35,36,37,38,39,40,41,42,43,44,45,46,47,48,49,
7	279.623	15.7598	2	1	14839.4	4	0	516	600	,0,1,2,3,5,6,8,9,11,12,13,14,15,16,17,19,22,23,24,27,28,29,30,31,33,34,36,37,39,40,41,42,43,44,46,47,48,49,
8	88.2901	242.914	2	1	14474	4	0	525	600	,0,1,2,3,5,6,7,9,11,12,13,14,15,16,17,19,22,23,27,28,30,31,32,33,34,36,37,38,40,42,43,44,45,46,47,48,49,
9	138.609	113.854	1	1	14114.8	3	0	542	600	,0,1,2,3,5,6,7,8,11,12,13,14,15,16,17,19,22,23,27,28,30,31,32,33,34,36,37,38,39,40,42,43,44,46,47,48,49,
10	895.7	295.72	1	1	14285.3	3	0	539	600	,2,4,6,13,14,16,18,19,20,21,22,23,24,25,26,27,29,30,31,34,35,36,37,38,39,40,41,42,44,45,46,48,49,
11	113.202	9.0549	2	1	15041.2	4	0	508	600	,0,1,2,5,7,8,9,12,13,14,15,16,17,19,22,23,27,28,30,31,33,36,39,40,42,43,44,47,48,
12	14.0477	251.642	1	0	13599.6	1	5	559	600	,0,1,2,3,5,7,8,9,11,13,14,15,16,17,19,22,23,27,28,30,32,33,34,36,38,40,42,43,44,47,48,
13	484.524	377.29	2	1	14343.4	4	0	530	600	,0,1,2,3,4,5,6,7,8,9,10,11,12,14,15,16,17,18,19,20,21,22,23,24,25,26,27,28,29,30,31,32,33,34,35,36,37,38,39,40,41,42,43,44,45,46,47,48,49,
14	547.615	400.678	0	0	14266.6	10	5	539	600	,0,1,2,3,4,5,6,7,8,9,10,11,12,13,15,16,17,18,19,20,21,22,23,24,25,26,27,28,29,30,31,32,33,34,35,36,37,38,39,40,41,42,43,44,45,46,47,48,49,
15	155.638	436.999	1	1	12425.8	3	0	595	600	,0,1,2,3,4,5,6,7,8,9,11,12,13,14,16,17,18,19,22,23,25,27,28,30,32,33,34,36,37,38,40,41,42,43,44,45,46,47,48,49,
16	411.737	234.9	1	0	12759.9	8	5	587	600	,0,1,2,3,4,5,6,7,8,9,10,11,12,13,14,15,17,18,19,20,21,22,23,24,25,27,28,29,30,31,32,33,34,35,36,37,38,39,40,41,42,43,44,45,46,47,48,49,
17	57.3627	401.015	0	0	14631.1	10	5	527	600	,0,1,2,3,5,6,7,8,9,11,12,13,14,15,16,19,22,23,27,28,30,32,33,34,36,38,40,42,43,44,45,47,48,49,
18	711.014	527.714	1	0	13424.8	3	5	568	600	,1,2,3,4,5,6,10,13,14,15,16,19,20,21,22,23,24,25,26,27,28,29,30,31,33,34,35,36,37,38,39,40,41,42,44,45,46,47,48,49,
19	473.922	202.287	1	0	13525.1	8	5	564	600	,0,1,2,3,4,5,6,7,8,9,10,11,12,13,14,15,16,17,18,20,21,22,23,24,25,27,28,29,30,31,33,34,35,36,37,38,39,40,41,42,43,44,45,46,47,48,49,
20	794.403	478.359	2	1	15357.9	4	0	502	600	,2,3,4,6,10,13,14,16,18,19,21,22,23,24,25,26,27,29,31,34,35,36,37,38,39,40,41,42,44,45,46,48,49,
21	866.338	607.737	1	1	14128.9	3	0	541	600	,2,3,4,6,10,13,14,16,18,19,20,24,25,26,27,29,34,35,37,38,39,40,41,42,44,45,46,49,
22	491.446	98.5398	1	0	13911.8	8	5	552	600	,0,1,2,3,4,5,6,7,8,9,10,11,12,13,14,15,16,17,18,19,20,23,24,25,27,28,29,30,31,33,34,35,36,37,38,39,40,41,42,43,44,45,46,47,48,49,
23	421.9	158.983	1	1	14268.8	3	0	541	600	,0,1,2,3,4,5,6,7,8,9,10,11,12,13,14,15,16,17,18,19,20,22,24,25,27,28,29,30,31,33,34,35,36,37,38,39,40,41,42,43,44,45,46,47,48,49,
24	782.043	142.261	0	0	14907.3	10	5	514	600	,2,4,6,7,10,13,14,16,18,19,20,21,22,23,25,26,27,28,29,30,31,33,34,35,36,37,39,40,41,42,44,45,46,48,49,
25	707.718	554.395	0	0	14934.2	10	5	515	600	,1,2,3,4,5,6,10,13,14,15,16,18,19,20,21,22,23,24,26,27,28,29,31,33,34,35,36,37,38,39,40,41,42,44,45,46,47,48,49,
26	903.143	655.821	0	0	15076.1	10	5	506	600	,2,3,4,6,10,13,14,18,20,21,24,25,27,34,35,37,38,40,41,42,44,45,46,49,
27	556.377	261.104	2	1	14703.2	4	0	520	600	,0,1,2,3,4,5,6,7,8,9,10,11,12,13,14,15,16,17,18,19,20,21,22,23,24,25,26,28,29,30,31,33,34,35,36,37,38,39,40,41,42,43,44,45,46,47,48,49,
28	245.619	199.252	1	0	13534.7	1	5	564	600	,0,1,2,3,4,5,6,7,8,9,11,12,13,14,15,16,17,18,19,22,23,24,25,27,29,30,31,32,33,34,35,36,37,38,39,40,41,42,43,44,45,46,47,48,49,
29	762.157	21.453	1	1	14366.5	3	0	536	600	,2,4,6,7,10,13,14,16,18,19,20,21,22,23,24,25,27,28,30,31,33,34,35,36,37,39,40,41,42,46,48,49,
30	344.307	66.2252	0	0	14974	10	5	510	600	,0,1,2,3,4,5,6,7,8,9,10,11,12,13,14,15,16,17,18,19,22,23,24,27,28,29,31,33,34,35,36,37,38,39,40,41,42,43,44,45,46,47,48,49,
31	615.513	42.5596	1	0	13994.5	8	5	547	600	,2,4,6,7,8,9,10,11,13,14,16,18,19,20,22,23,24,25,27,28,29,30,33,34,35,36,37,39,40,41,42,43,44,46,48,49,
32	13.9379	603.233	0	0	14819.3	10	5	516	600	,0,1,2,3,5,8,9,12,13,14,15,16,17,28,33,34,38,43,44,45,47,
33	254.326	183.403	0	0	14519.1	10	5	527	600	,0,1,2,3,4,5,6,7,8,9,11,12,13,14,15,16,17,18,19,22,23,24,25,27,28,29,30,31,32,34,35,36,37,38,39,40,41,42,43,44,45,46,47,48,49,
34	535.145	455.289	0	0	14377.9	10	5	531	600	,0,1,2,3,4,5,6,7,8,9,10,12,13,14,15,16,17,18,19,20,21,22,23,24,25,26,27,28,29,30,31,32,33,35,36,37,38,39,40,41,42,43,44,45,46,47,48,49,
35	759.877	478.24	1	0	13556.3	1	5	563	600	,1,2,3,4,6,10,13,14,16,18,19,20,21,22,23,24,25,26,27,28,29,30,31,33,34,36,37,38,39,40,41,42,44,45,46,48,49,
36	442.473	139.503	0	0	14606.4	10	5	522	600	,0,1,2,3,4,5,6,7,8,9,10,11,12,13,14,15,16,17,18,19,20,22,23,24,25,27,28,29,30,31,33,34,35,37,38,39,40,41,42,43,44,45,46,47,48,49,
37	675.39	310.518	2	1	14989	4	0	510	600	,1,2,3,4,5,6,7,8,9,10,13,14,15,16,18,19,20,21,22,23,24,25,26,27,28,29,30,31,33,34,35,36,38,39,40,41,42,43,44,45,46,47,48,49,
38	418.192	622.971	2	1	14614.7	4	0	523	600	,0,1,2,3,4,5,6,8,9,10,12,13,14,15,16,17,18,19,20,21,22,23,25,26,27,28,30,32,33,34,35,36,37,40,41,42,43,44,45,46,47,48,49,
39	676.022	76.4016	1	1	14058.8	3	0	544	600	,2,4,6,7,9,10,11,13,14,16,18,19,20,21,22,23,24,25,27,28,29,30,31,33,34,35,36,37,40,41,42,43,44,46,48,49,
40	545.171	256.423	1	0	14294.8	8	5	539	600	,0,1,2,3,4,5,6,7,8,9,10,11,12,13,14,15,16,17,18,19,20,21,22,23,24,25,26,27,28,29,30,31,33,34,35,36,37,38,39,41,42,43,44,45,46,47,48,49,
41	667.534	401.848	1	1	14030.7	3	0	545	600	,1,2,3,4,5,6,7,10,13,14,15,16,18,19,20,21,22,23,24,25,26,27,28,29,30,31,33,34,35,36,37,38,39,40,42,43,44,45,46,47,48,49,
42	521.192	240.89	1	1	14211.5	3	0	535	600	,0,1,2,3,4,5,6,7,8,9,10,11,12,13,14,15,16,17,18,19,20,21,22,23,24,25,26,27,28,29,30,31,33,34,35,36,37,38,39,40,41,43,44,45,46,47,48,49,
43	142.427	152.338	1	1	14204	3	0	540	600	,0,1,2,3,5,6,7,8,9,11,12,13,14,15,16,17,19,22,23,27,28,30,31,32,33,34,36,37,38,39,40,41,42,44,45,46,47,48,49,
44	388.665	527.892	1	0	13213	3	5	568	600	,0,1,2,3,4,5,6,7,8,9,10,11,12,13,14,15,16,17,18,19,20,21,22,23,24,25,26,27,28,30,31,32,33,34,35,36,37,38,39,40,41,42,43,45,46,47,48,49,
45	471.423	649.513	1	1	13833.4	3	0	551	600	,0,1,2,3,4,5,6,8,10,13,14,15,16,17,18,19,20,21,22,23,24,25,26,27,28,30,32,33,34,35,36,37,38,40,41,42,43,44,46,47,49,
46	682.421	230.635	1	0	13580.4	8	5	562	600	,1,2,3,4,6,7,8,9,10,13,14,15,16,18,19,20,21,22,23,24,25,26,27,28,29,30,31,33,34,35,36,37,38,39,40,41,42,43,44,45,47,48,49,
47	158.11	433.27	2	1	14436	4	0	533	600	,0,1,2,3,4,5,6,7,8,9,11,12,13,14,15,16,17,18,19,22,23,25,27,28,30,32,33,34,36,37,38,40,41,42,43,44,45,46,48,49,
48	448.735	47.3205	0	0	15110.5	10	5	507	600	,0,1,2,3,4,5,6,7,8,9,10,11,12,13,14,15,16,17,18,19,20,22,23,24,25,27,28,29,30,31,33,34,35,36,37,38,39,40,41,42,43,44,46,47,49,
49	635.81	334.144	1	0	13980.2	8	5	548	600	,1,2,3,4,5,6,7,8,9,10,13,14,15,16,17,18,19,20,21,22,23,24,25,26,27,28,29,30,31,33,34,35,36,37,38,39,40,41,42,43,44,45,46,47,48,
